3540|229517|196271|30.92
3544|680490|163541|41.95
3541|177974|1304|48.13
3539|271962|48230|33.73
3546|69481|281817|32.77
3535|725055|669125|90.18
3543|329089|357343|5.58
3532|553155|118309|16.16
3545|733314|69758|50.82
3536|128591|100925|43.52
3533|783847|407801|60.19
3531|504136|9630|88.73
3547|477630|90512|91.23
3537|603715|69313|2.25
3534|508190|186267|20.3
3538|616142|67593|10.63
3542|72517|65297|29.45
3549|682267|573672|93.53
3548|692078|752372|27.67
3550|493660|547382|76.78
3551|519882|481369|83.17
3552|520138|406825|77.07
3553|424952|357624|9.15
3554|509812|375885|41.55
3555|270846|103383|62.58
3556|780099|366582|61.81
3558|193377|562803|53.15
3557|760034|524628|9.51
3559|340002|519403|15.4
3560|259992|693768|86.39
3561|684672|277428|54.0
3562|171073|586549|93.08
3563|546531|282158|29.21
3564|759816|39992|2.77
3566|344473|577957|33.29
3565|687253|648760|22.49
3567|81108|285580|70.05
3569|199394|724413|23.05
3568|355639|320137|95.68
3570|756342|682094|80.24
3571|592354|285980|48.38
3572|244206|178114|11.17
3574|152263|124650|35.01
3573|790162|53927|87.74
3575|429649|46286|5.98
3576|38152|500553|69.53
3577|129458|320005|34.11
3578|551030|725641|38.24
3581|163043|505876|3.96
3580|607121|308845|9.28
3582|585677|130180|72.61
3579|651943|81437|91.14
3585|413862|647052|18.71
3584|405592|441964|30.86
3586|770771|511893|28.61
3583|231819|482423|56.11
3587|212180|717766|65.6
3588|540253|79149|97.2
3589|412529|741948|89.32
3590|794929|137150|81.88
3591|719882|573222|78.15
3592|334947|175177|29.44
3593|673371|704822|68.23
3594|744914|454498|41.4
3595|783497|98272|72.3
3596|456766|759481|16.6
3597|582762|683482|14.29
3598|447167|712564|66.71
3599|675153|22948|63.57
3601|235477|23136|46.14
3600|147738|90481|24.83
3603|168805|361288|58.77
3605|146240|560035|76.76
3604|681315|380017|48.47
3602|785660|754519|23.35
3606|243660|52700|91.45
3607|117030|380078|16.93
3608|716089|249387|94.59
3610|296926|83288|94.52
3609|422891|202096|100.75
3612|494318|636658|41.77
3611|316799|511273|77.04
3613|787883|203255|53.0
3614|591010|611473|8.48
3615|393480|543329|70.68
3616|172102|630403|10.01
3617|79742|658357|67.01
3618|521665|434714|51.6
3619|210859|591489|68.09
3620|449082|503284|48.27
3621|184765|373740|78.18
3622|515681|275495|72.93
3623|617124|166529|100.52
3624|333452|561482|35.03
3626|394351|712962|95.41
3625|18847|605106|88.45
3628|118748|598877|38.41
3627|222475|288629|38.73
3630|721662|335390|89.34
3629|751120|581078|90.54
3632|455746|194289|100.92
3631|590854|140828|15.78
3633|82948|808584|85.1
3634|70329|86633|61.68
3637|239917|215510|76.44
3636|342053|73899|69.74
3641|123253|504867|84.89
3639|149562|138753|26.63
3638|140491|327994|53.08
3640|541087|780343|20.6
3642|354910|569739|64.51
3635|69397|57464|18.68
3644|738765|629782|46.02
3643|374814|687811|21.88
3645|441253|436186|18.11
3646|623345|574705|68.38
3648|590315|729390|8.33
3649|126539|766033|55.69
3647|157927|447437|61.0
3650|708572|513767|53.82
3652|361278|584698|4.34
3651|476413|266330|41.87
3653|703746|275015|85.77
3654|670531|247855|7.73
3655|253452|654343|85.34
3656|715016|808437|76.87
3657|310927|225852|27.59
3658|714435|716678|33.06
3661|190914|589735|12.16
3663|704102|313723|94.62
3664|32666|259346|29.92
3662|35487|306706|34.5
3665|595101|26080|29.03
3660|177733|557543|56.65
3659|627745|336426|31.86
3666|344233|541879|65.04
3669|484242|325788|86.18
3667|565324|429615|93.95
3668|701081|123690|15.02
3670|568754|518479|57.16
3671|53401|321333|100.54
3672|660773|506235|70.44
3673|371808|528888|16.01
3674|647249|487045|1.93
3675|489081|237580|83.76
3676|2027|276493|23.84
3677|21408|803506|61.02
3678|326981|540085|56.36
3680|65960|513318|68.96
3681|797248|233848|86.21
3679|241656|441943|99.48
3683|290651|359869|66.04
3684|710266|651918|15.4
3682|150924|145734|4.6
3687|401513|9684|48.58
3685|173592|123156|97.89
3686|76660|499529|71.13
3690|548837|645038|98.24
3689|742392|414465|96.9
3688|232202|496867|6.44
3693|616174|665589|45.86
3692|529623|171253|69.26
3691|710384|581648|53.82
3697|196049|321944|15.37
3696|634084|188571|100.01
3695|735477|222678|100.32
3694|713047|742466|10.91
3698|63605|659166|3.57
3699|671122|666732|80.57
3700|700136|491887|4.47
3701|174963|507253|77.12
3702|529602|651325|6.51
3705|354695|178641|20.62
3704|12399|80559|100.8
3703|242625|25286|64.37
3706|516853|674748|17.16
3707|69339|631853|90.98
3709|152602|64609|81.35
3708|396585|619465|69.46
3710|761089|427372|14.32
3711|504016|182841|33.95
3712|37719|217745|7.11
3713|265105|115723|70.92
3714|183721|216110|52.77
3715|496342|120010|24.68
3717|45298|658201|66.12
3716|580426|794065|42.61
3718|241743|84687|7.41
3719|200361|439034|30.41
3720|282414|136307|36.48
3722|373284|774996|24.72
3721|14681|491530|68.07
3723|261920|186378|64.81
3725|591371|528001|68.3
3724|393311|133141|45.38
3726|755539|388630|83.39
3727|314103|289479|94.75
3728|299807|584905|73.87
3729|773740|72873|6.29
3730|522730|26|15.75
3731|471415|130074|74.03
3732|64142|751993|68.76
3734|661627|35728|63.15
3733|93992|32571|32.11
3735|533452|115606|47.71
3736|678413|598588|48.25
3737|155001|390994|67.3
3739|232080|389872|79.98
3738|491803|485506|34.0
3745|741104|45749|47.76
3746|703744|209744|80.72
3744|645628|788744|80.01
3749|410077|153348|38.62
3741|716572|481785|51.85
3740|771415|477493|90.68
3748|799079|703504|40.45
3742|114180|264788|4.71
3743|286227|476095|9.74
3747|402956|9472|71.51
3750|741081|608403|55.99
3751|591318|362961|1.79
3752|223214|477172|95.44
3753|364138|792883|52.28
3755|9042|368724|6.78
3756|654283|298478|70.35
3757|699223|151094|38.02
3754|74285|705610|76.06
3758|581588|569332|51.82
3760|733711|680091|3.34
3761|234124|40540|43.24
3759|564739|177822|10.96
3762|775803|136981|13.32
3763|56038|758540|44.05
3765|570646|342585|14.77
3764|245434|799836|20.54
3766|31440|250879|2.06
3767|377530|376376|24.68
3768|306352|431079|74.77
3770|690391|278940|21.07
3771|231791|243145|19.46
3769|71406|24529|41.36
3774|561632|681117|79.74
3773|779034|216574|48.35
3772|77616|338411|46.36
3775|684375|14599|57.2
3777|132196|301075|38.02
3778|285727|299271|41.28
3776|509244|245081|81.99
3780|630359|325484|41.7
3781|766903|714288|40.06
3779|719814|522418|21.37
3782|31518|816349|44.73
3784|528535|265064|59.75
3785|666136|142372|38.63
3783|453047|79171|41.11
3788|465461|574376|51.72
3786|723559|790061|3.5
3792|736492|480308|63.17
3787|437679|398612|40.19
3791|746412|56069|86.95
3789|684124|80433|82.61
3793|417968|569220|25.48
3790|780300|528573|57.75
3794|623458|127581|9.47
3796|7619|76300|15.03
3795|286322|511943|32.67
3797|34727|300590|91.84
3798|682371|205848|13.98
3800|152128|178895|40.91
3799|594401|8315|9.97
3801|361841|517905|4.62
3807|474278|26653|70.52
3805|751655|257272|66.77
3803|22117|358259|40.94
3804|149665|233680|26.33
3808|712621|186672|18.93
3806|76989|229521|87.88
3802|106385|412691|86.79
3809|353436|592650|79.64
3813|441926|539704|67.05
3815|169385|671282|91.7
3810|599039|626382|77.6
3811|613219|660087|31.44
3818|8983|240681|16.35
3820|606776|91953|41.12
3819|465163|112208|4.13
3814|135642|751435|87.36
3817|267895|72715|42.83
3816|67807|680536|50.34
3812|362837|147489|33.49
3823|657869|699367|72.34
3824|361441|425388|85.16
3821|671088|74282|68.98
3822|306002|479071|85.36
3825|485194|278649|75.92
3826|125463|78315|66.42
3828|755842|612146|60.54
3829|81640|3994|48.99
3827|17815|316640|7.92
3832|692334|414422|21.29
3831|530507|620498|97.49
3833|230969|126126|58.0
3830|763495|80761|75.65
3836|560155|338499|15.34
3839|492656|555288|98.97
3835|263276|78968|100.41
3840|568755|563595|82.41
3837|759270|592231|95.02
3844|28144|417038|30.94
3843|307601|743255|62.09
3841|793540|104829|30.67
3834|533128|268428|78.7
3845|593685|103233|42.28
3848|693593|140819|44.41
3846|78429|817537|36.81
3842|813345|327140|61.11
3847|130516|700792|61.48
3856|236114|161686|48.78
3855|740177|476659|94.35
3857|183043|405566|78.57
3838|516096|724565|94.65
3853|652536|501850|9.35
3851|439294|14274|67.71
3859|452700|241060|17.29
3863|66956|477321|41.12
3852|76943|689623|75.71
3849|221909|114406|100.32
3864|416265|751740|32.46
3865|5855|72938|50.79
3850|424488|789470|62.19
3861|505687|468473|56.68
3867|53885|384004|40.07
3854|655683|790294|11.35
3858|243517|639734|97.22
3860|476365|63538|44.27
3862|813034|42512|51.79
3868|492152|360045|81.54
3869|817054|150957|83.31
3872|734777|43779|19.6
3873|136718|279319|11.95
3871|213985|72053|51.81
3875|63456|176783|10.13
3866|446915|559388|90.36
3870|233425|669297|89.81
3874|397059|339583|1.18
3876|53716|268681|68.47
3880|42280|437917|64.69
3879|7744|181125|36.58
3877|467591|684257|83.4
3883|673297|239263|46.76
3882|757728|157609|25.26
3886|733584|616557|23.41
3881|60877|166407|32.74
3887|78232|265069|86.14
3884|267440|469556|49.17
3878|199223|377161|12.78
3889|657600|667685|60.48
3885|59183|348113|94.45
3888|48713|224057|86.71
3893|532560|351260|91.58
3892|112551|776005|13.8
3891|370350|351846|2.58
3890|341309|242811|36.29
3899|286143|577472|65.43
3897|607996|541805|8.7
3894|112359|191841|85.72
3896|330762|355005|34.51
3903|536369|674051|59.96
3895|9364|252933|28.52
3904|299929|184517|95.68
3901|302834|326388|9.41
3900|737697|5694|2.22
3898|700924|316379|10.67
3906|419241|546476|85.88
3902|526648|561791|16.85
3907|231072|148112|16.16
3915|648965|25312|41.76
3905|657699|594345|25.71
3914|435294|42324|11.03
3910|105680|12415|17.32
3912|441278|705207|19.38
3921|204594|437075|70.2
3913|461976|411273|87.64
3911|621220|153580|59.33
3909|326939|656483|1.96
3908|526153|456500|75.02
3918|375710|351963|42.41
3920|806233|412939|7.32
3919|92024|584136|2.73
3917|500632|389822|94.86
3916|465891|741454|86.4
3926|35811|572302|20.92
3928|176968|524766|23.55
3929|118185|722898|91.94
3925|278338|732604|88.53
3922|41234|293269|9.72
3927|380888|562666|22.03
3923|70872|250743|1.68
3924|398167|217945|17.1
3933|609985|108422|92.82
3931|457189|141305|30.06
3930|70591|583568|12.75
3936|43259|47297|54.03
3932|810979|535482|92.05
3940|206036|406368|24.46
3935|262191|739935|58.71
3944|539146|671348|100.38
3942|598039|582071|27.49
3943|312870|127869|97.54
3941|573932|753357|73.28
3939|398546|674471|8.07
3938|415867|68778|97.51
3937|263195|440780|72.5
3934|130404|799737|88.16
3951|745705|290479|86.82
3950|38110|255854|59.4
3949|540578|802812|38.53
3948|298615|203301|70.64
3958|253257|399166|26.5
3947|408910|663533|83.9
3946|613748|812137|52.83
3961|742122|289891|3.48
3945|171818|793504|63.32
3962|176317|425867|70.98
3960|33069|796633|45.48
3959|3220|184759|90.02
3956|492358|400763|66.36
3957|589396|567959|52.21
3955|807433|621066|72.04
3970|109399|290437|25.9
3969|165085|17243|21.83
3971|627457|276631|15.12
3954|658185|290191|34.02
3953|118932|475822|20.6
3952|661421|346958|94.14
3972|615910|547285|69.73
3976|656824|595586|4.66
3975|256208|528445|78.02
3978|687340|412065|90.43
3980|687231|84939|11.39
3979|663530|479640|35.69
3974|560258|222053|43.43
3968|649043|554130|74.82
3967|654739|123565|93.81
3966|303485|284038|38.84
3965|627013|764692|26.33
3964|128628|674646|89.03
3963|480419|413990|67.43
3973|738077|165047|86.77
3977|276162|682318|73.63
3981|547212|84096|5.38
3983|34684|221084|63.39
3982|595689|507056|46.53
3984|803234|242635|75.47
3985|75785|28579|23.1
3986|701508|688482|45.37
3988|179324|381154|5.1
3987|320309|618780|87.71
3990|483690|787184|32.81
3989|114140|545916|43.37
3991|577442|269918|100.18
3994|254405|180811|9.21
3993|660941|276776|100.74
3992|24194|372248|37.86
3996|748785|348953|18.04
3995|241857|390551|69.6
3997|601118|803670|57.06
3998|382629|169334|85.61
4000|472940|185881|79.97
3999|373513|651245|49.76
4002|454739|602234|67.61
4001|320332|735676|50.69
4004|616898|93363|43.67
4003|723778|311876|26.2
4005|196315|142734|53.01
4007|614194|751347|48.97
4008|379766|564765|45.46
4006|257406|433346|12.82
4010|333875|61405|61.97
4009|214501|711056|96.91
4011|502998|724630|41.57
4012|677289|746719|65.26
4013|41669|147727|49.38
4014|30187|485833|67.33
4015|218177|363197|84.74
4016|405160|414978|78.81
4018|400149|88108|10.69
4017|145271|806493|90.84
4019|453738|507103|41.44
4020|50822|340605|42.02
4021|184621|645247|43.85
4022|481398|603584|47.86
4023|215448|50671|36.83
4024|47547|255410|75.41
4025|790829|797500|22.66
4027|700389|410076|46.69
4026|92326|362764|70.55
4028|463565|647119|11.34
4029|578916|538797|1.37
4030|420424|430845|78.94
4031|497893|307408|38.64
4033|399626|776033|95.57
4032|78952|212989|11.67
4036|178248|413532|74.84
4035|183157|51570|6.44
4040|417748|539091|87.15
4041|486267|597085|81.02
4039|441420|471833|77.11
4037|254950|288688|98.33
4043|639558|27688|79.17
4034|620207|340178|62.81
4038|588538|593242|86.24
4042|16133|250610|19.01
4044|757588|344406|18.97
4047|733655|132268|31.59
4046|314389|397998|45.54
4045|240139|623972|58.89
4048|142638|513191|43.92
4050|17736|531181|42.33
4049|650714|611219|41.48
4051|427623|105307|87.37
4052|219956|44553|63.22
4054|356807|640664|74.04
4053|795145|704613|10.49
4055|418671|363988|35.85
4056|243354|674535|96.5
4057|189090|740580|98.13
4058|753794|526727|61.96
4059|638828|714500|93.81
4061|691285|30292|58.49
4062|38246|266723|41.05
4060|647308|548424|69.37
4063|542326|135922|73.76
4064|571151|508964|67.04
4065|768726|574882|31.12
4066|197433|706873|64.92
4067|546094|20762|59.43
4068|422490|811205|92.26
4069|701618|777895|33.71
4070|576171|493138|18.71
4071|784242|380427|17.06
4072|199553|308534|93.5
4073|1164|370438|33.57
4074|71518|393686|78.3
4075|753435|620023|70.32
4076|640128|232612|58.67
4077|163631|609125|28.43
4078|816105|542361|79.58
4079|553866|284977|41.59
4080|441310|574276|74.06
4082|173340|56381|92.91
4081|672529|268331|10.83
4083|144756|471779|95.53
4084|411551|274100|29.49
4086|185716|781080|6.4
4085|307544|750309|53.52
4087|52828|671950|7.75
4088|769675|588091|98.13
4089|654321|356684|15.77
4090|325146|582629|80.98
4091|488478|735505|51.93
4092|222013|606926|59.16
4093|759979|54365|62.39
4094|278460|595051|34.55
4095|761949|323266|89.19
4096|792708|353620|24.98
4097|758502|710339|13.46
4098|125682|301501|5.3
4099|393413|507054|54.35
4101|660271|157139|88.87
4100|756370|174944|11.23
4102|141470|745725|91.87
4103|402525|583034|52.25
4104|144636|285281|32.05
4105|141020|233351|51.85
4106|635465|737993|79.51
4107|239991|211098|48.35
4108|147733|50090|90.58
4110|174750|501058|17.39
4109|352724|309958|70.42
4111|371046|294717|57.16
4112|221474|56216|34.07
4113|162674|454341|9.21
4114|764272|48642|55.49
4115|29783|305759|25.29
4116|706142|413107|62.73
4117|766190|162039|41.28
4118|573124|761645|56.84
4120|737130|526322|10.37
4119|547172|6250|42.72
4122|208507|238932|11.27
4121|74072|212677|15.32
4123|170075|781207|29.06
4125|444729|473837|49.87
4124|656593|592347|89.47
4126|592878|792938|84.8
4128|638857|573426|58.82
4127|617771|201854|44.52
4129|595629|815775|95.17
4130|688342|601551|55.62
4131|629837|231043|71.0
4132|89053|594809|72.33
4133|517051|46169|40.05
4134|643401|385647|3.4
4135|23093|291414|57.34
4137|785733|198065|21.91
4140|101732|13998|18.4
4136|682239|374643|86.74
4138|256794|83153|9.64
4139|676568|110945|19.74
4141|619458|736542|5.92
4142|460860|815039|82.51
4143|408904|774913|29.09
4145|439522|258217|37.8
4144|714132|24537|45.59
4146|492486|795600|17.03
4147|218430|666564|34.13
4148|11512|541739|55.01
4149|119627|125533|56.6
4150|663414|817746|22.45
4151|438105|530127|92.62
4152|131907|750671|39.84
4153|311857|414364|98.28
4154|497677|375751|55.44
4155|801323|613596|74.58
4156|429949|112833|44.24
4157|815205|139911|93.07
4158|746323|693263|72.33
4159|713949|647541|11.92
4160|31160|517947|27.29
4161|240804|461362|10.67
4162|173941|394195|66.65
4164|81435|245975|56.78
4163|224002|690984|32.77
4165|802753|302198|22.51
4166|575666|353985|91.34
4167|457377|214909|18.77
4168|596084|302619|40.32
4169|288513|176374|93.47
4170|598605|503921|10.24
4171|589816|22195|77.87
4172|37574|784370|36.18
4173|262500|543161|60.67
4174|796376|52287|24.46
4175|191402|391925|17.74
4176|726199|728638|100.05
4177|67247|214026|30.02
4178|633740|308614|46.6
4179|798245|244201|21.06
4180|753696|37993|53.85
4181|176690|140961|76.96
4182|574045|588652|67.36
4184|476040|191261|65.1
4183|117926|167995|89.97
4186|11681|114440|94.42
4185|76917|237341|27.22
4187|628420|205704|63.35
4189|379420|570380|39.12
4188|441636|132634|82.38
4190|470378|668150|11.61
4191|42025|349046|45.43
4192|795074|439853|49.69
4193|797322|814159|28.11
4194|262358|667982|90.85
4195|494212|268137|85.6
4197|103362|388985|27.02
4196|173180|318436|49.71
4198|47769|443732|63.05
4199|70637|617952|56.97
4200|199498|479854|72.67
4203|428211|579301|97.46
4201|500564|132615|20.71
4204|20469|292531|15.27
4206|729520|596935|48.79
4205|576560|388213|4.82
4202|53466|774213|88.88
4207|169411|676748|7.93
4208|127881|437389|50.26
4209|312948|189973|17.39
4211|595033|230614|76.75
4210|722431|784349|8.83
4212|104974|479798|38.09
4213|684148|474578|46.57
4214|739528|425857|31.48
4215|231997|360431|64.1
4216|806189|196998|48.65
4217|139963|135644|23.72
4218|494139|207980|43.85
4219|794114|680028|84.91
4220|245587|815341|39.19
4221|304429|810872|54.31
4222|688109|269412|78.41
4223|65761|55895|89.75
4224|713465|265681|41.1
4225|774864|325740|93.3
4226|781337|195573|49.94
4227|628424|249745|19.69
4228|407685|424588|42.87
4229|364938|30851|46.85
4230|119367|292404|87.09
4231|659940|41006|89.23
4232|153250|85168|26.24
4233|78629|624066|45.47
4234|431843|590022|1.86
4235|73348|575222|84.95
4236|537889|554090|33.05
4237|755512|791197|73.43
4238|453801|809012|73.13
4239|457412|328949|5.14
4240|86178|697017|15.81
4241|196311|262062|26.16
4242|579796|106932|28.28
4243|690283|378633|16.71
4244|230896|176405|92.2
4245|98569|157458|20.4
4246|497292|749556|12.52
4247|430253|359898|74.16
4248|669294|809532|18.53
4249|665143|693814|82.9
4251|49991|478725|61.09
4250|572606|310216|5.48
4252|764675|293623|22.72
4255|40518|2406|37.19
4256|449747|292730|89.83
4253|213060|324276|99.69
4259|779023|491837|39.45
4260|133498|578202|7.32
4254|47118|491854|20.86
4258|380633|52186|28.25
4257|247474|195955|70.94
4261|335|2603|76.26
4262|575027|435528|95.93
4263|151585|770873|93.7
4264|638110|788780|25.21
4265|402604|104296|70.18
4266|713103|699371|78.42
4267|298561|311710|49.13
4268|565679|196515|72.87
4269|407123|378135|25.24
4270|750551|649873|82.37
4271|778690|6201|18.11
4272|429409|212884|81.15
4273|54051|443662|41.17
4274|35620|536259|57.74
4276|779944|559935|9.91
4275|498701|556158|84.09
4277|573323|248423|35.18
4278|794197|45283|81.29
4279|374023|808121|81.02
4280|675176|543119|64.37
4281|535544|554522|66.0
4282|420397|218743|85.48
4283|237439|739245|96.48
4284|280058|137024|30.14
4285|555251|620368|92.27
4286|719850|130984|91.6
4287|123639|370918|13.25
4288|395384|804451|84.85
4289|765555|693371|66.77
4290|240104|474803|53.95
4291|170957|302775|78.61
4292|750581|725705|45.14
4293|566665|58868|14.62
4294|818809|707154|62.42
4296|203648|624711|59.17
4295|700309|54830|44.96
4297|466752|376411|49.04
4298|720328|102532|77.75
4299|583274|520127|30.68
4300|801431|576838|38.59
4301|40191|166007|51.64
4302|397812|137595|95.39
4303|529578|704932|92.89
4304|316419|634013|26.57
4305|435197|400684|30.06
4307|67610|22552|39.97
4306|449026|327211|64.12
4308|361961|384775|11.95
4310|30803|278165|79.18
4309|211487|557079|17.21
4311|277489|337858|33.43
4312|587218|790692|90.52
4315|281505|754749|3.1
4313|105272|529306|74.68
4314|384332|792321|24.05
4316|173184|393002|5.47
4317|119357|511730|100.51
4318|609854|181252|10.02
4319|107799|226904|66.73
4320|779789|429031|13.95
4321|332358|129412|97.38
4322|496553|510461|84.87
4323|628065|339614|98.13
4324|241434|479571|30.61
4325|19336|633686|32.07
4326|41711|480607|63.53
4327|336200|334150|62.46
4328|806215|207937|15.03
4329|656645|249580|8.64
4330|669756|343651|71.98
4331|601722|318704|34.68
4332|539917|540627|1.95
4333|314784|800146|10.7
4334|709656|408044|40.4
4335|728380|628103|87.87
4336|785989|68975|5.22
4337|549811|511834|2.88
4338|343908|631968|95.36
4339|40657|585748|27.64
4340|220608|541458|19.16
4341|556110|340334|23.61
4342|595304|531321|91.59
4343|527095|559047|95.31
4344|472642|176116|49.52
4345|461642|417672|49.95
4346|648273|486792|25.94
4347|382184|86855|83.5
4348|386209|753112|49.98
4349|712776|601074|8.09
4350|554696|635420|95.74
4352|565735|700803|71.79
4351|584610|650665|65.54
4353|461318|16122|66.41
4354|132316|331253|49.19
4355|108823|626443|50.23
4356|527367|358557|92.9
4358|25514|545652|44.92
4357|746836|424939|58.48
4359|808993|263648|67.92
4360|651994|135718|69.05
4361|304909|49835|66.5
4362|447870|340296|82.47
4363|727211|39280|100.73
4364|735089|682824|89.27
4365|686760|573903|56.87
4366|199760|287716|6.42
4367|416932|310522|6.06
4368|797531|306909|78.55
4369|740434|200208|10.15
4370|4603|51121|10.63
4371|729493|175899|87.65
4372|713908|261377|23.9
4373|68397|376436|65.1
4374|398548|702641|23.79
4375|558912|666220|93.32
4376|120285|423202|62.01
4377|142063|509787|88.4
4378|318072|417871|44.22
4379|496476|207280|43.03
4380|50403|635609|6.39
4381|290040|603500|74.16
4382|459031|410675|40.94
4383|701955|744300|50.94
4384|529881|799093|32.04
4385|686784|773025|39.45
4387|470950|815821|85.25
4386|569758|321562|97.67
4388|690303|524425|87.5
4390|771012|68950|48.59
4389|87751|44837|59.22
4393|316839|571907|23.56
4394|764255|196963|54.09
4391|669134|168390|30.87
4397|180235|174798|25.58
4398|550769|571493|50.66
4395|520128|351354|33.6
4399|271435|550677|80.29
4396|271252|242956|83.15
4392|580474|367465|40.64
4400|698336|733639|51.85
4401|281581|580785|53.68
4404|73608|731076|66.17
4402|430362|805700|41.14
4405|501206|114534|50.64
4403|281359|311168|62.5
4407|520956|503535|50.53
4408|319632|438800|73.18
4406|401713|260962|73.61
4409|454126|162238|66.5
4411|316508|258009|13.48
4410|142315|658851|73.25
4413|602197|757001|80.21
4412|12924|94376|88.86
4414|463088|665494|34.18
4415|415722|464497|67.63
4416|220330|542407|45.1
4417|116742|12845|62.89
4419|180852|581717|56.58
4418|665270|475809|48.83
4420|116914|490224|27.29
4422|59219|36174|23.52
4424|553055|286139|47.6
4423|380630|438740|99.82
4421|204423|52549|88.0
4425|668603|110416|84.47
4426|93102|313741|66.98
4428|444111|525111|54.2
4430|661615|553658|66.72
4427|189301|598935|8.82
4431|316066|468211|90.05
4429|673857|52845|28.72
4433|130670|207893|39.49
4432|653410|378508|2.0
4434|597816|357155|15.9
4435|418506|699088|97.19
4436|329789|814729|38.35
4438|706176|386502|58.71
4439|242945|204471|55.25
4440|167460|736269|62.96
4437|792131|817864|38.74
4443|442853|586948|51.85
4444|5205|217500|73.51
4442|163875|685407|71.63
4441|87432|700896|31.4
4445|475722|109767|61.91
4446|505201|464562|45.18
4447|634737|547928|34.51
4448|480116|749054|49.25
4449|254850|460471|94.55
4451|636672|322749|46.14
4450|32848|53488|6.62
4452|71753|2542|65.79
4454|591618|618422|16.99
4453|568425|375456|34.72
4455|699035|431513|77.3
4456|329570|724540|83.85
4458|459429|337209|58.95
4459|147914|213534|64.29
4457|517367|459404|14.39
4461|39583|219374|53.97
4460|510043|444445|53.98
4463|732030|336861|6.41
4462|66148|146735|64.81
4464|527618|121535|62.27
4466|758898|684509|92.49
4467|87961|724909|91.56
4468|241422|659517|29.41
4465|129283|49409|50.26
4470|817787|100348|25.25
4469|575380|300874|63.28
4471|183103|640015|43.27
4472|531160|718538|55.87
4475|511611|121758|72.53
4473|419639|475669|65.87
4476|312592|448448|34.55
4479|585472|156927|28.6
4480|136265|271949|55.79
4474|199431|732446|55.94
4483|741759|206507|44.88
4487|314705|166163|100.14
4491|282929|373618|59.68
4482|767269|773198|63.79
4481|565790|791802|5.87
4489|58318|744624|18.5
4478|528160|621256|55.48
4477|679341|754979|3.25
4485|91300|367787|78.99
4484|250465|8427|79.85
4492|85343|635252|89.01
4495|410811|390426|44.18
4486|280696|180068|67.2
4494|422651|204535|78.08
4490|708448|684980|8.31
4493|98575|702060|59.99
4496|646668|93142|51.32
4488|664787|654846|47.34
4497|753205|694428|20.95
4498|374250|105283|77.36
4500|634422|350203|8.18
4499|462043|444788|100.03
4502|680371|464873|29.5
4501|343639|63755|93.48
4504|474497|46737|81.6
4505|714440|105435|6.38
4503|332509|723495|81.7
4506|376292|272090|35.59
4507|610134|520327|35.49
4508|309014|20791|1.84
4511|452119|89699|67.68
4510|89188|515493|7.42
4512|410118|352791|71.19
4509|575880|211376|75.49
4514|347066|410216|36.02
4513|344456|86949|35.64
4516|227148|546887|62.89
4515|299588|348884|79.3
4517|432377|246852|62.59
4518|485614|619991|66.13
4519|408744|709820|82.28
4520|338050|330263|28.52
4521|72234|577313|91.19
4523|273727|199005|45.38
4524|310404|29885|25.02
4522|276280|608127|34.02
4525|669922|339611|92.75
4527|269748|2144|11.81
4526|234525|113651|57.63
4528|499141|385377|4.39
4529|731981|641732|40.73
4530|594680|185870|42.16
4531|357786|39069|22.49
4532|202756|208485|23.01
4533|111725|608865|87.0
4535|112662|804352|93.49
4536|395019|111259|66.38
4534|145410|416718|46.86
4538|225839|149533|94.97
4537|430620|5268|6.82
4539|656028|533299|65.92
4542|366937|612019|38.82
4541|410371|587572|32.43
4544|772277|364190|70.68
4540|344428|187083|63.78
4545|801090|261444|87.13
4543|119034|540871|79.87
4546|105851|66058|79.58
4548|43286|700300|16.98
4547|763420|337366|57.64
4550|53017|570158|65.79
4549|604840|384924|16.22
4552|38872|380727|38.97
4551|574557|459891|92.05
4554|596099|636772|83.38
4553|441771|688888|27.65
4555|432623|288372|76.14
4556|34761|55907|46.7
4557|529288|552998|38.69
4558|463691|570096|52.27
4559|410859|147841|10.03
4561|187759|153252|39.59
4560|643623|738086|64.24
4562|394793|15237|100.26
4563|134707|469414|86.14
4564|466753|188731|43.13
4565|641674|77724|99.28
4566|292998|798023|59.05
4567|687233|114849|25.1
4568|108718|563466|37.03
4569|375956|519643|65.34
4571|434156|755971|29.0
4572|559645|610347|96.98
4573|209481|220525|23.47
4570|638562|598091|58.68
4575|748919|576477|8.47
4576|228276|475231|61.54
4574|379097|679817|58.67
4577|605277|541466|70.49
4578|496768|606180|61.13
4579|68294|213804|83.95
4580|631880|806112|21.02
4581|136373|787638|47.37
4582|486762|690199|52.06
4583|19636|808684|4.42
4584|60800|179701|12.87
4585|468745|392529|84.0
4587|30360|789399|13.34
4586|208170|497700|49.96
4590|81397|533848|79.59
4591|265206|219157|33.14
4588|222886|713864|99.51
4589|300625|147338|67.04
4593|153555|421238|72.59
4592|83395|152483|79.98
4595|728245|557146|17.11
4594|475000|460447|79.37
4596|189893|349118|24.4
4598|617950|763862|68.25
4597|533849|139651|86.98
4599|578717|226134|49.29
4600|193910|209557|88.65
4601|76114|224894|56.91
4602|283878|718563|29.27
4603|609676|625012|42.49
4604|368763|591135|24.67
4605|632321|445790|33.66
4606|329947|351907|39.16
4607|481658|41578|85.56
4608|270689|749631|99.85
4609|404116|569407|27.66
4610|544875|327934|34.26
4611|259228|122286|9.11
4612|452178|469183|21.94
4613|395986|18480|1.66
4614|175977|645360|86.38
4615|723898|442962|55.19
4616|311654|91344|53.6
4617|381951|808730|29.7
4618|191609|282108|21.48
4619|576853|817514|26.61
4620|740143|791353|43.67
4622|534675|638549|95.41
4621|635363|203158|83.41
4623|516830|817528|93.31
4624|802792|179352|46.04
4625|617400|216448|37.36
4626|688167|34443|99.19
4628|40679|601260|30.98
4627|307484|500804|70.66
4629|319463|449983|99.83
4630|248089|250644|17.95
4631|536132|512897|43.19
4632|717883|582412|50.76
4633|741636|180854|88.32
4634|324002|283771|46.89
4635|257289|625483|78.91
4636|66256|211180|37.09
4637|148997|777928|71.75
4638|615714|254907|59.48
4639|428379|686170|42.92
4640|151097|325139|79.46
4641|529555|765313|66.44
4642|388018|94162|75.69
4643|799585|455576|66.45
4645|282782|361580|38.51
4644|352632|91170|44.21
4646|675793|670800|41.16
4647|472527|532525|83.91
4648|335696|602439|52.46
4649|767570|147513|20.07
4650|209640|77922|13.64
4651|17266|380322|80.74
4652|565895|248263|69.21
4653|130639|646323|18.92
4654|441768|69837|76.41
4655|50474|591419|27.45
4656|36855|285522|72.47
4657|27665|612644|69.79
4658|280001|120955|15.7
4659|357677|141832|19.58
4660|729383|708542|3.43
4661|106355|681644|37.78
4662|217540|489546|49.88
4663|583135|508637|42.95
4664|712384|137647|25.69
4666|806255|226056|100.0
4665|738948|712500|85.58
4667|611478|570049|98.57
4668|469093|385068|16.86
4669|590676|446789|25.82
4670|155160|488918|45.97
4671|579046|302550|54.67
4672|31720|538985|57.45
4673|287858|187421|6.01
4674|809638|620535|86.09
4675|547688|651729|88.03
4676|553022|797710|90.78
4677|619581|130478|36.16
4678|723756|195410|56.11
4679|39820|276470|33.01
4680|426954|711234|91.33
4681|388912|600527|96.84
4683|392391|239526|70.33
4682|781532|572028|59.83
4684|208828|291454|50.26
4685|602839|663331|69.56
4687|326759|218966|69.7
4686|327609|276230|10.6
4689|23075|819981|90.27
4688|495587|575644|20.5
4690|667210|391557|7.07
4691|31955|240290|10.05
4692|487491|678740|52.76
4693|348412|460067|6.65
4697|73800|364427|46.61
4695|795129|287241|92.21
4696|327450|650349|81.24
4701|101276|466336|56.21
4698|4961|599041|93.12
4694|102976|273068|59.33
4700|579363|469031|51.74
4699|462330|412422|86.92
4702|335051|595869|74.85
4704|466036|521561|70.43
4703|561763|380605|44.76
4705|626601|394285|19.23
4706|53084|647184|31.37
4707|557385|21520|84.49
4708|549312|33895|99.74
4709|486258|182073|69.01
4710|371877|18097|26.75
4711|525541|234793|98.29
4712|491651|112824|43.9
4713|355757|554002|57.26
4714|112005|576895|1.48
4715|173447|797365|23.1
4716|494603|781544|49.93
4717|707758|448964|38.07
4718|660090|767635|88.43
4719|175962|14593|42.11
4720|779894|264222|25.89
4721|768231|307162|62.41
4722|177260|246163|33.82
4723|46092|152303|93.53
4724|663375|225503|22.85
4725|380919|484103|50.32
4726|575969|476362|11.74
4727|221098|18480|92.58
4728|776526|151894|86.74
4729|742007|128730|8.85
4730|183801|452408|75.18
4731|801294|755053|90.76
4732|409571|533825|7.15
4733|409423|28093|10.32
4734|520916|471636|75.46
4735|440780|261805|4.97
4736|488120|429037|16.81
4737|418636|290224|85.93
4738|318839|641829|30.14
4739|423390|13286|53.02
4740|533676|502573|3.85
4741|766837|15446|34.41
4742|799432|61547|1.18
4743|421770|345909|12.5
4744|220357|544950|16.45
4745|742827|762323|82.88
4746|537453|319986|98.44
4747|746337|25267|43.69
4748|127965|330004|82.62
4750|375228|782767|45.42
4749|803047|179324|5.85
4752|673154|776174|82.42
4751|132957|437797|17.54
4753|678838|299518|95.67
4754|482438|548988|32.74
4755|240511|229122|18.99
4756|287759|339218|32.0
4758|90307|636976|45.35
4757|350217|362732|86.85
4760|339117|379612|84.43
4759|121887|374183|64.48
4761|674762|708605|57.34
4762|119948|458894|65.49
4764|142508|724293|29.24
4763|362038|743480|63.66
4766|193114|645776|95.83
4765|354763|52478|41.81
4768|400992|297001|39.41
4767|667109|155712|16.22
4771|752271|275786|74.54
4770|759062|64684|77.99
4769|129710|12184|30.73
4773|676649|491781|20.11
4772|414717|371979|25.57
4774|781522|694537|34.33
4775|347732|276937|63.37
4777|38482|736187|2.01
4776|418305|532500|13.77
4778|699362|149227|98.7
4780|395000|558705|72.3
4779|5634|346088|12.79
4781|482734|523518|44.67
4782|744897|35466|67.14
4783|561325|690258|40.11
4784|349084|444296|44.07
4785|171307|226578|90.46
4786|664884|178368|26.83
4787|173851|618214|18.55
4788|150521|317605|70.77
4789|709867|751294|40.8
4790|809035|31898|30.35
4791|55662|429555|54.62
4792|382745|541167|15.17
4793|19660|555775|53.06
4794|586049|468567|50.1
4795|762443|413712|28.28
4796|468192|765410|24.31
4797|171825|72355|61.25
4798|511909|166056|43.98
4799|721995|410899|43.69
4801|279769|305165|89.5
4800|8372|449499|6.25
4803|328994|419228|6.45
4802|541803|87628|49.26
4804|139489|186174|64.23
4805|364865|643371|62.11
4806|179836|649418|71.67
4807|477062|33066|76.27
4808|633829|267849|90.36
4809|304241|302190|67.68
4810|161578|159812|43.77
4811|280834|815634|65.27
4813|356520|227342|3.78
4812|688044|408325|36.93
4814|487396|122531|45.31
4815|427808|703800|9.38
4816|154941|212474|68.83
4817|466904|659092|85.9
4818|637077|98235|71.92
4819|216221|741427|97.83
4820|792025|454127|18.37
4822|35988|238283|34.58
4821|301690|766170|14.23
4823|394375|633617|40.22
4824|351485|429213|20.4
4825|671578|529444|11.74
4826|511047|773553|97.12
4827|484081|302138|16.84
4828|709819|227593|83.0
4829|588081|405057|23.33
4830|255912|42901|81.31
4832|133353|463422|76.37
4831|650053|625079|58.02
4833|242022|192878|38.39
4835|783817|412894|79.86
4836|400913|507468|96.11
4838|94876|502337|56.78
4839|140410|104638|23.7
4840|482985|12938|82.87
4834|763392|204922|7.99
4837|357828|519859|22.77
4841|348798|779407|90.75
4844|256071|2184|74.21
4843|493831|689613|35.57
4842|703113|297532|43.82
4845|774027|630944|27.9
4846|344211|730303|95.3
4847|570945|287260|31.93
4848|37434|668347|70.55
4849|63968|208022|4.1
4850|115372|367569|20.93
4851|642721|682158|93.71
4852|93603|473290|2.49
4853|691188|105614|28.8
4854|102786|362396|59.5
4855|310903|535373|66.05
4856|101225|674445|20.25
4858|71958|367865|72.58
4857|395087|566324|62.44
4859|443224|331029|73.91
4861|119424|719365|76.28
4860|429272|584654|36.89
4862|532054|388798|33.46
4863|513664|211170|43.7
4864|68072|342128|91.98
4866|802154|225807|94.26
4867|139667|214710|34.17
4868|481292|420901|52.12
4871|652625|698517|24.84
4865|561383|741565|20.7
4869|345387|706731|84.18
4870|218892|3527|56.96
4872|694503|313546|39.12
4873|380117|684428|53.17
4874|461672|354715|79.62
4875|163093|92157|82.07
4877|157102|684254|89.44
4876|537116|359025|14.03
4878|263167|652252|16.68
4879|552357|96188|77.74
4880|556068|645576|66.87
4881|435499|574637|58.33
4882|105735|218286|9.79
4883|47890|423517|33.0
4884|568968|619791|97.14
4885|494405|780961|81.34
4886|333477|520186|38.86
4888|45548|388058|13.86
4887|513971|234978|36.67
4889|399737|466181|62.97
4890|683518|225949|21.4
4891|608100|105936|91.44
4892|780200|275714|99.05
4893|483011|105047|97.78
4894|402105|216469|68.56
4895|34495|263596|95.77
4898|164909|316259|50.11
4899|412997|414558|45.62
4900|97848|101236|1.78
4896|345776|371963|45.73
4903|41680|390920|3.45
4902|370070|30559|5.79
4897|483046|307819|100.49
4901|214345|171477|17.25
4904|422837|82349|99.45
4906|39043|441157|100.82
4905|607351|363280|72.49
4910|536968|605057|4.73
4908|122195|451446|53.93
4907|571790|498843|71.85
4912|760367|536271|27.53
4909|302315|392997|52.63
4911|465764|174467|16.85
4915|233887|766082|30.52
4914|459147|548933|90.86
4913|112925|569932|72.56
4919|618187|752907|4.74
4918|227032|50789|53.81
4916|772915|107644|43.06
4923|151400|793743|90.29
4917|10116|286597|97.32
4924|413034|310414|91.79
4921|43476|554018|11.4
4922|516862|74764|11.95
4920|274320|137798|99.08
4925|139341|503321|35.13
4926|587310|421745|98.34
4927|679707|520362|36.81
4928|317163|149062|86.88
4932|435415|207902|73.23
4931|798107|770642|55.74
4929|736765|509173|75.94
4933|360200|266215|76.93
4930|475731|258226|40.18
4934|426818|217162|56.79
4935|1401|303115|88.23
4936|366578|600220|90.29
4937|240124|676083|12.93
4938|602650|297206|53.75
4939|277378|3510|82.01
4940|715348|450787|100.51
4942|16632|382909|60.87
4941|303252|74668|16.81
4944|377612|760485|65.38
4943|808223|234291|72.76
4945|540262|473064|3.9
4947|736223|512239|29.55
4948|533201|696989|17.73
4946|389445|306433|19.96
4949|375164|377899|57.38
4950|76647|77018|70.36
4951|67298|171619|59.1
4952|490477|233007|71.55
4953|737541|295992|48.3
4954|391468|767817|2.78
4955|364609|781442|59.18
4956|404271|212749|76.55
4957|604271|600849|16.5
4958|29052|743772|23.62
4959|159825|759286|42.75
4960|444412|720096|22.79
4961|208878|440360|77.45
4962|114908|478963|82.34
4963|238805|121857|5.87
4964|183688|191243|31.9
4965|112945|605214|1.29
4966|237795|422805|44.32
4967|493938|486357|21.58
4969|527105|203859|13.63
4970|689499|636901|86.17
4968|402313|498155|35.57
4971|236411|254980|59.29
4973|193717|797561|49.99
4972|735183|650103|80.51
4974|18408|662937|56.9
4975|663894|689436|33.49
4976|281669|315171|39.7
4977|375268|283299|75.57
4978|306090|708348|10.98
4979|387754|764591|85.44
4980|795395|20444|92.68
4981|119063|506058|31.41
4982|171827|734330|63.63
4983|22815|307821|76.5
4984|771924|138460|93.29
4985|25319|46019|70.61
4986|358095|354348|7.04
4987|128630|208462|25.41
4988|786286|715701|31.49
4990|126808|812822|6.95
4992|503506|766687|24.09
4991|450398|416936|21.93
4989|256445|598022|47.25
4994|123106|408993|62.99
4995|247662|778938|14.38
4993|544714|546465|9.04
4996|781169|712401|70.03
4998|212474|253724|25.07
4999|148551|375305|76.39
4997|481395|417017|28.18
5002|546116|804194|71.33
5000|121125|107075|95.06
5004|318711|592750|73.24
5003|291887|248536|81.91
5001|697698|178972|49.61
5005|505816|707140|37.41
5006|534119|395534|93.6
5007|32066|58473|85.35
5008|278632|410847|89.65
5009|674246|365512|62.42
5011|481195|645202|94.96
5010|615580|772607|50.36
5012|186549|389426|11.2
5014|88705|714599|16.97
5015|715674|646994|23.1
5016|336725|417293|95.1
5018|76992|401877|34.84
5013|329663|107229|70.03
5019|347065|747932|36.17
5017|12913|802528|24.48
5021|754025|817218|53.26
5023|515437|592264|54.27
5022|161242|639982|94.73
5024|375117|747971|89.92
5020|348966|486458|98.1
5027|477469|517331|82.26
5029|132887|667792|42.88
5025|411009|456261|44.55
5028|475740|771718|36.06
5026|545460|44540|15.6
5031|481370|334056|7.91
5032|362977|62111|35.02
5030|566199|23950|85.45
5034|353337|377973|16.57
5035|3346|473451|70.12
5039|736227|788990|1.72
5040|181781|223987|44.16
5038|69483|436796|21.02
5033|310896|393003|73.28
5036|587458|462121|36.02
5041|34610|616543|89.39
5037|777473|517163|25.71
5042|416665|12874|62.66
5043|678668|301780|40.77
5044|795479|665733|74.98
5045|316013|536387|73.49
5046|234807|205833|24.12
5047|516918|293863|8.03
5048|409163|56915|5.48
5049|690991|149356|62.6
5050|300793|167248|56.4
5051|411029|165382|57.48
5053|162862|513823|60.46
5052|697586|372688|82.32
5054|310807|169700|18.83
5055|399621|572891|43.16
5057|359012|586152|57.89
5056|737515|95740|74.53
5058|71779|42252|45.16
5059|280930|573654|83.1
5060|36268|158571|2.0
5061|277911|427498|7.72
5062|298274|687904|88.6
5064|311229|198149|42.98
5063|597896|817771|79.12
5065|332708|683430|59.44
5066|395916|138305|96.3
5067|547269|19651|15.3
5068|598726|766298|38.93
5070|763146|493438|79.48
5069|478049|184381|59.73
5071|432847|645414|86.71
5072|389383|697187|83.6
5073|307222|154267|33.18
5074|722317|333976|79.84
5075|436176|114886|92.55
5076|475150|166946|55.12
5077|808801|385032|10.1
5078|655645|667712|74.84
5079|522540|310924|20.48
5080|343453|601416|35.82
5081|462580|528152|18.45
5082|272410|596286|7.42
5083|819264|405504|100.33
5084|557046|194983|70.85
5085|480663|545736|34.77
5086|591369|284510|96.77
5087|325310|702570|6.47
5089|435170|267890|74.59
5088|56479|367162|31.08
5090|636451|462302|26.17
5092|67644|748923|56.58
5093|700139|211196|69.03
5091|703415|771128|66.51
5095|771710|466577|97.52
5094|789079|810487|33.81
5097|53732|209710|60.17
5096|330779|678458|8.4
5098|793601|629006|16.39
5099|67761|605524|79.03
5100|747998|306701|9.42
5101|533691|723866|95.31
5102|175191|396694|76.07
5103|306052|555629|87.87
5104|168132|96979|55.29
5105|328715|659683|88.55
5106|424020|153143|100.38
5107|799923|320568|25.68
5109|252596|567427|57.27
5108|767081|89000|68.99
5111|439111|376817|39.82
5110|317500|327990|25.66
5113|798094|552900|18.99
5114|705713|298284|27.04
5112|371953|70187|22.17
5116|135291|566123|96.4
5115|385993|774419|53.62
5117|178072|374017|66.8
5119|484998|269616|32.55
5118|710461|810295|48.79
5120|486522|761310|33.17
5121|645115|685213|19.82
5122|398613|33337|70.4
5124|219097|576943|37.46
5125|339525|580637|61.47
5126|78094|707494|42.31
5123|313147|457258|18.64
5129|26652|382866|14.64
5127|633064|670541|13.68
5131|296917|223204|87.86
5130|82991|519351|81.85
5128|805836|252349|37.83
5132|572448|547901|22.53
5133|47289|641393|38.87
5134|637647|450673|6.31
5136|277455|505183|88.9
5135|140091|279045|56.68
5137|563963|290551|54.07
5138|507681|251675|66.79
5139|590713|90927|37.63
5140|697415|177339|87.06
5141|289041|157654|61.86
5142|489487|578979|93.17
5143|497819|135793|72.87
5145|320878|144133|94.73
5144|228535|716402|34.89
5146|710484|280012|57.27
5148|657586|202950|9.6
5147|35530|468251|46.24
5149|690152|451094|25.07
5150|721359|302725|2.33
5151|650178|230837|90.67
5152|150521|321409|29.51
5153|772136|243161|35.05
5154|600332|341923|6.4
5155|560158|112933|19.62
5156|723839|435119|10.74
5157|153855|217437|13.72
5158|799574|676408|11.68
5160|7939|786870|26.9
5159|56285|401599|6.75
5162|478832|403534|98.73
5161|776782|482459|25.64
5164|255481|677472|29.83
5163|604720|654355|57.43
5165|4881|613463|93.98
5166|108710|5036|13.95
5167|552041|573242|96.18
5168|731550|98888|13.0
5169|623225|244503|96.57
5170|298753|342652|98.81
5171|191684|417329|23.0
5172|165480|342997|28.12
5173|721149|102981|61.71
5174|106968|425766|34.85
5175|287406|730906|92.83
5176|176327|573817|3.22
5177|8584|96498|90.43
5178|393336|784689|94.91
5179|238041|612524|42.56
5180|164915|808997|88.49
5181|142212|204271|32.3
5182|310171|695009|87.69
5183|284896|179736|90.82
5184|788286|513060|36.76
5185|591220|312208|71.85
5186|207980|691559|20.3
5187|630041|763713|55.92
5188|327083|127217|72.92
5189|361698|545793|86.45
5190|96308|466373|10.1
5191|546577|360626|83.11
5193|721069|608549|48.27
5192|495386|323427|15.3
5194|321181|298574|4.51
5195|655836|666613|31.39
5196|474749|621888|77.07
5198|54766|529498|83.73
5197|112852|459004|26.55
5199|712377|473010|55.12
5200|346055|3952|76.77
5201|812396|803561|65.35
5202|589192|765803|46.34
5203|272995|794208|39.22
5204|75310|79439|30.96
5205|573827|567559|32.34
5206|573363|256476|53.01
5207|617864|476316|51.35
5208|103687|432032|9.64
5210|104903|345759|86.16
5209|164136|436120|68.51
5211|354939|300707|79.89
5213|435845|265769|96.12
5212|561121|316707|46.41
5214|761800|206437|61.19
5215|297050|373068|73.51
5218|739616|769183|4.66
5217|805144|282912|77.59
5220|250291|293271|88.09
5216|481243|216053|25.59
5219|217408|226258|64.17
5223|193564|253169|14.38
5222|691191|613524|31.88
5221|413253|655629|78.33
5225|376978|231999|6.47
5224|430641|307735|88.72
5228|103342|313300|90.99
5227|507152|518426|93.36
5226|484073|742075|33.88
5229|125457|149144|38.46
5230|219830|24957|17.94
5231|122194|272276|27.82
5232|153898|356779|61.39
5233|798517|433955|6.04
5234|311798|43035|43.0
5235|279375|774417|1.42
5236|592451|668591|88.45
5237|658555|314176|27.73
5238|120349|441894|75.88
5239|708220|805398|83.16
5240|633801|710515|86.57
5241|20369|504656|63.08
5242|487276|772185|92.27
5243|473409|177934|49.94
5244|759425|564035|77.53
5245|526933|437403|44.79
5246|119080|531600|55.99
5247|248987|217252|76.46
5248|509304|34987|7.03
5249|691495|532266|69.13
5250|805447|470685|58.09
5252|671888|298367|28.29
5254|554190|706436|97.9
5253|308099|308035|78.15
5251|478882|765476|15.85
5255|303521|604951|28.56
5257|638445|272170|84.93
5256|610498|228280|98.68
5259|235937|695448|6.93
5258|162509|461283|4.87
5262|617083|425412|100.0
5260|270953|217961|52.62
5261|390270|259749|99.15
5263|552722|312131|9.72
5264|494873|56771|87.69
5265|392625|553412|39.73
5266|259230|107889|13.6
5268|733518|757983|22.96
5269|733880|755631|45.34
5267|157739|505718|4.29
5272|441680|458504|5.49
5271|234999|158639|18.71
5270|251354|654761|39.68
5275|354390|717746|43.02
5276|633990|679562|12.07
5274|647670|582810|64.16
5273|274074|210204|95.87
5278|103493|34863|97.36
5277|565337|702422|69.47
5280|562833|698683|46.3
5279|479206|606751|8.12
5281|277119|119661|91.32
5282|709100|263564|4.9
5283|714934|207611|49.88
5285|427174|149993|57.87
5286|553538|386750|41.14
5284|227301|284057|92.79
5287|211220|36717|91.46
5289|438661|173868|14.78
5290|376933|819445|89.01
5288|564675|647542|17.68
5292|4170|722391|97.0
5291|509322|550429|90.85
5294|383490|770589|22.87
5293|566527|524688|97.2
5296|105784|370750|36.5
5295|516047|791842|61.02
5297|774193|575686|58.86
5298|502669|632164|62.9
5300|45631|537103|87.63
5299|358242|414274|77.51
5302|608714|800456|56.52
5301|212205|530055|81.11
5303|177427|365115|54.95
5304|590552|402010|26.56
5305|231925|72697|5.6
5306|504019|123856|99.09
5307|75224|411874|19.22
5308|367043|625801|29.94
5309|107344|445017|6.54
5310|424001|9374|51.56
5311|274783|227932|34.13
5312|32432|219018|78.89
5313|312629|326619|79.78
5314|362255|363602|62.73
5315|176815|232508|93.89
5317|52382|429642|36.11
5318|462920|651333|68.58
5316|600781|524317|70.48
5321|85519|507354|81.72
5319|593205|321518|84.01
5322|726369|49106|26.09
5320|587076|298132|44.25
5326|21221|142173|88.83
5323|774239|796404|63.24
5325|186531|236724|62.37
5327|421590|273908|43.36
5324|730169|704482|17.75
5329|55590|393493|65.08
5328|469110|396141|44.64
5330|786030|276633|83.66
5331|372970|528101|99.4
5332|512565|634902|85.52
5334|188641|644674|28.88
5333|102790|770277|24.03
5335|816905|542582|61.49
5337|572119|134984|13.46
5336|534114|331515|42.75
5338|714278|453477|96.73
5340|590571|41624|91.35
5339|796373|298424|35.25
5341|621920|301273|70.09
5342|145909|292314|65.07
5343|766975|550140|95.4
5345|29593|213002|3.22
5344|170074|405648|72.73
5346|166174|780893|23.84
5348|442568|715499|60.51
5350|756136|249969|12.62
5347|453489|353204|19.64
5355|201348|22633|45.77
5354|486202|521132|43.53
5351|53610|84258|100.1
5352|239052|664009|53.67
5360|109265|584652|22.49
5353|761540|775059|94.71
5358|801979|340780|9.32
5362|124350|801557|95.44
5359|550029|6089|61.88
5349|276323|43065|13.3
5356|469801|129707|25.13
5364|200675|71041|87.4
5366|712078|248671|81.03
5365|625045|265275|52.46
5361|487440|279551|80.87
5363|387402|227825|92.26
5357|811342|224603|16.37
5368|215106|4832|58.07
5369|780286|772236|38.86
5367|757080|51932|50.8
5371|401525|689819|72.8
5375|168204|183886|53.04
5373|671614|270824|97.13
5370|723656|465231|52.48
5374|409111|203897|89.29
5372|608475|793141|69.47
5377|394803|43482|45.74
5376|385153|411992|32.47
5378|305559|380649|23.02
5379|489252|622345|97.06
5380|568475|658166|86.16
5382|133786|215171|25.47
5381|293668|669653|35.88
5383|697963|277484|92.14
5384|521054|691209|69.58
5385|303381|584112|64.06
5386|277701|92575|88.99
5387|748632|252299|2.57
5389|663781|109955|87.57
5390|741290|632786|14.77
5388|533512|699952|31.77
5393|450365|623048|94.1
5391|785122|556000|44.2
5392|424177|556880|57.81
5394|745525|534025|73.53
5399|397437|331889|62.74
5395|184685|367717|5.9
5398|656805|540321|98.34
5397|479639|798580|96.48
5396|545815|453085|53.8
5401|308109|307693|15.65
5400|77802|424750|51.48
5404|48801|298826|18.28
5402|233567|569970|4.45
5405|528174|550|87.98
5403|623195|78844|88.08
5406|568184|140120|58.37
5408|609352|523281|69.37
5407|146830|813839|69.42
5409|633455|808005|61.45
5410|94903|298992|24.01
5413|505224|795960|44.06
5414|294040|55286|5.63
5411|387022|485214|63.89
5412|101454|329362|5.03
5415|459107|185352|51.51
5418|808135|325535|98.16
5416|1100|715532|16.74
5419|694829|314061|72.37
5417|519823|701389|43.18
5421|291212|802744|88.14
5420|282723|211789|98.81
5423|134456|611727|97.89
5424|704762|537282|68.94
5422|73973|50207|9.55
5425|390458|110213|42.4
5427|643968|788782|9.71
5428|459451|64148|81.67
5426|646497|315168|14.31
5429|423937|811221|82.02
5430|543985|706895|91.04
5433|405778|463252|78.35
5431|161919|82912|27.73
5432|389141|786601|84.2
5434|454165|472361|56.35
5435|742467|34247|96.65
5436|819756|323027|34.44
5437|59915|29385|43.16
5438|119067|378801|25.64
5439|69394|342897|36.41
5441|295592|754108|16.6
5440|407995|26233|39.45
5442|144073|262279|49.43
5444|342245|227278|2.55
5443|300710|3202|96.85
5445|75310|290065|32.81
5446|272027|665716|86.59
5447|621034|514321|48.85
5448|343263|228836|77.55
5450|487034|139651|58.32
5449|600588|739234|11.1
5452|506148|237306|95.09
5454|120131|620853|90.28
5453|425655|111757|62.92
5455|738089|750604|31.55
5451|476593|670269|77.9
5458|420955|443289|82.17
5459|500769|83158|53.79
5460|407555|156193|92.3
5456|657806|200094|38.82
5457|84646|613725|15.61
5462|316980|807829|50.7
5461|129303|245586|99.01
5463|641431|740472|44.86
5464|676767|222738|36.55
5465|106513|83384|81.68
5466|246963|138059|59.09
5467|74193|620106|68.1
5468|80173|109426|10.02
5469|571371|379960|29.14
5470|395448|543958|1.92
5471|519343|450020|22.81
5473|242618|251447|55.42
5472|5228|414559|9.4
5474|690351|179712|52.97
5475|341827|768025|52.27
5476|208240|133931|25.03
5477|814268|660279|76.2
5478|269913|602355|14.89
5479|385211|203570|78.06
5480|397640|495660|3.65
5482|628464|47562|27.09
5481|70852|177368|45.9
5484|672517|658920|54.13
5486|365664|65711|13.12
5485|269634|646183|10.45
5490|478696|589632|34.84
5483|744797|334551|26.52
5489|333485|64719|47.98
5487|728865|574393|55.95
5488|305795|384290|89.9
5492|240675|393217|45.85
5491|186465|812918|3.62
5493|684157|813358|62.79
5494|597604|506945|52.75
5495|139729|599318|32.05
5496|567753|37610|94.53
5497|540414|260623|98.79
5499|542552|332300|28.8
5498|444365|666935|73.64
5501|705439|446629|64.28
5500|762584|628205|91.94
5502|597670|506864|64.16
5503|189367|34709|18.5
5504|405326|280187|88.83
5505|783077|805223|87.38
5507|299009|457996|12.55
5508|567373|422166|75.18
5506|303153|108688|1.75
5510|587094|579427|68.98
5509|788637|478833|88.59
5511|222871|437571|25.9
5512|814104|437073|77.34
5513|618892|24081|64.95
5514|14847|399330|99.09
5515|395002|717030|89.08
5516|544424|356844|35.18
5517|183244|610857|82.3
5518|540960|725805|15.29
5519|343319|794437|96.8
5520|232683|609707|55.75
5521|239844|217908|38.85
5522|60165|554596|65.9
5523|208732|372247|86.22
5524|552987|185323|36.24
5526|249661|156364|75.39
5525|519706|586917|4.65
5527|7772|703359|99.99
5528|387698|715762|34.56
5529|221339|504377|62.23
5530|515619|710241|24.24
5531|480227|257416|29.47
5533|553311|588945|35.45
5532|571439|471617|12.91
5534|357700|483102|99.49
5535|663969|189137|88.71
5536|35945|722605|29.05
5537|714408|158368|21.67
5538|466050|692903|7.36
5539|446088|819160|67.75
5540|64584|769042|47.12
5541|373312|170863|6.6
5542|590799|573924|94.06
5543|376017|2845|23.64
5544|214380|533000|49.52
5545|681633|607502|72.36
5546|128004|338619|53.92
5547|179598|621282|43.85
5548|497315|199621|96.89
5549|644895|564630|7.18
5550|785679|276065|86.76
5551|664132|464703|66.11
5552|199258|296049|7.47
5553|816068|622104|43.99
5554|126183|383910|57.73
5555|390820|576315|23.39
5556|456085|67240|16.12
5558|153805|693273|1.18
5557|425299|186623|32.47
5559|558559|738993|80.38
5560|442406|678919|21.84
5561|40264|817035|54.12
5562|583108|202090|68.87
5563|57693|797792|81.17
5565|347535|387408|58.15
5564|495378|772887|41.82
5566|706476|334969|83.0
5567|681645|223062|77.13
5568|608134|787104|87.72
5569|476064|313351|96.79
5570|273833|665157|11.86
5571|564179|208279|92.7
5572|772378|756522|1.4
5573|541594|747653|77.65
5574|659014|127341|42.09
5575|161673|178423|5.18
5576|658694|295190|68.37
5577|523832|458967|99.38
5578|432431|201052|35.19
5579|692103|445288|32.56
5580|681468|259622|59.92
5582|152990|539585|12.86
5581|531852|514575|33.33
5583|18276|357858|73.25
5584|591522|272251|25.18
5585|207290|344991|35.24
5586|27171|134878|99.85
5587|552430|508837|42.7
5588|613198|254700|71.2
5589|417380|316049|2.85
5590|405782|127961|41.39
5591|728779|309998|14.69
5593|278867|432865|37.89
5594|537309|423802|62.61
5595|178697|713434|53.19
5592|42092|409669|43.42
5596|561191|688064|71.57
5598|624604|301211|66.6
5599|513224|389222|27.93
5597|186133|227584|92.41
5600|608848|217040|26.78
5602|69030|587753|17.36
5601|654936|434187|97.34
5603|56216|690219|17.12
5604|571144|636872|62.18
5606|199492|659601|6.89
5605|586163|387564|84.41
5608|327515|90870|3.02
5607|754310|38885|54.1
5609|416301|168431|3.26
5610|42279|768482|86.35
5611|381884|171913|59.59
5612|49485|315854|37.65
5613|380275|205090|73.12
5614|736391|775163|81.79
5615|334026|223725|18.43
5616|441194|440498|96.55
5617|127716|766771|48.81
5618|40366|335320|23.98
5619|4125|389263|56.02
5620|677786|708530|91.69
5621|441894|60289|38.1
5622|340797|654781|34.2
5623|49881|181553|15.95
5624|23521|108105|67.29
5625|155257|779744|88.62
5626|765874|397194|78.71
5627|469565|813060|79.66
5629|199623|686801|53.19
5628|164781|437452|1.4
5630|811151|701309|90.82
5631|54260|522002|99.67
5633|697597|636162|15.36
5634|465236|484687|52.35
5632|198394|362700|79.22
5635|763979|398237|78.94
5636|22334|102668|16.47
5637|149048|422403|56.61
5638|154330|615249|21.69
5639|7493|741072|22.63
5640|162359|776119|64.94
5641|532384|319560|11.7
5642|402335|128577|68.49
5643|806312|505852|34.3
5645|181886|572582|56.27
5646|772777|584798|18.44
5648|140287|327833|67.29
5647|543359|223325|51.48
5644|189782|497000|22.68
5649|138130|158450|62.01
5651|674750|562766|98.63
5650|506970|22637|20.87
5653|269401|448347|13.35
5652|413764|799916|34.14
5654|343089|245690|20.15
5655|492739|121563|19.76
5657|149397|755123|67.7
5656|363167|179999|55.47
5658|444387|380341|68.87
5659|212778|348967|29.77
5660|654865|138780|3.33
5661|128757|415561|5.64
5662|529092|294422|82.2
5663|447038|306771|64.47
5665|186753|301099|80.77
5664|785767|297975|34.44
5667|83565|679134|55.29
5666|399589|107640|84.55
5669|774553|234645|23.1
5668|657310|5934|16.1
5670|254473|699414|65.87
5671|461284|263454|79.75
5672|46538|743370|86.73
5673|73482|457251|99.3
5674|122305|702446|2.07
5676|290291|279156|85.04
5675|397398|374903|14.1
5677|813178|662717|58.35
5678|6672|42768|69.29
5679|727655|668300|6.64
5680|225447|615458|14.27
5681|278599|287321|38.49
5682|17127|6503|41.9
5683|43188|774233|59.41
5684|535493|528683|100.87
5685|79993|791842|18.57
5686|803563|704494|36.59
5688|37287|150031|32.94
5687|731099|650216|33.36
5690|453677|418065|49.04
5689|130032|348795|80.53
5691|549251|799322|6.08
5692|405147|314346|25.48
5693|276393|321506|88.71
5694|207874|805555|75.49
5695|104172|453582|38.24
5697|56526|41099|100.81
5696|148170|354387|34.04
5698|760515|271308|53.69
5699|70806|697023|50.67
5700|201251|791335|98.97
5701|594522|363068|75.88
5702|79651|170550|98.99
5704|776246|57552|88.2
5705|362302|301539|54.93
5703|45422|381952|20.65
5706|37105|511899|42.9
5707|803224|237368|2.84
5708|607952|640129|71.75
5709|775004|396667|36.55
5710|248330|242985|98.16
5711|244706|498179|100.12
5712|242751|164426|83.19
5714|288589|814036|5.22
5715|532480|356146|35.46
5713|714366|367666|24.81
5717|533271|202590|66.06
5716|381889|472738|61.6
5718|267505|226580|68.35
5719|323387|339934|30.22
5721|135671|359046|9.74
5722|455937|480146|99.03
5720|788814|132071|80.38
5723|688628|63311|46.98
5726|391148|264785|47.31
5725|570979|478546|17.11
5724|387535|194356|94.75
5728|796743|194455|54.1
5727|340834|35553|72.52
5730|562881|724466|94.38
5729|69688|109917|62.71
5731|545175|675197|34.67
5733|218223|590440|39.58
5734|731496|490489|39.49
5732|162644|539051|49.33
5736|716279|356535|79.68
5737|791147|456019|58.05
5738|792293|383851|21.5
5735|785661|505528|34.65
5739|652466|540188|54.57
5740|302604|655304|41.7
5741|277212|286280|5.11
5742|57169|20947|9.75
5743|566723|92807|37.79
5744|411969|513760|64.57
5745|746934|819398|20.07
5746|78632|143730|6.6
5747|506275|301101|8.06
5748|88994|313335|73.16
5750|816141|793912|73.49
5749|501009|309683|51.24
5754|98934|662566|93.02
5751|733156|690198|59.42
5755|222254|432910|88.19
5752|129339|369756|30.61
5753|111109|540584|100.34
5756|182068|218419|47.92
5757|807052|75263|67.18
5758|110333|298278|92.26
5759|640782|319662|39.88
5760|225431|706106|5.46
5764|378268|711377|79.47
5762|772191|204070|71.38
5763|296081|736658|81.78
5766|215972|580568|38.13
5768|482353|306700|73.47
5767|230075|491128|12.02
5761|397152|297082|42.52
5771|231746|551295|52.49
5770|183787|744413|69.49
5778|795080|343826|4.22
5775|59391|328224|8.75
5779|666893|398626|17.78
5776|543303|29844|91.26
5772|690749|551472|82.12
5773|817539|239291|28.05
5774|51527|672852|54.34
5769|63542|153620|96.77
5780|128144|806064|39.73
5782|516617|334845|49.76
5765|131719|252253|2.55
5789|367389|62743|20.04
5785|169540|370660|96.94
5787|272305|528441|79.83
5786|614689|158615|87.2
5788|520849|673356|82.13
5784|610560|188423|99.81
5783|726911|194700|50.18
5777|615658|734756|54.7
5781|572947|524896|2.93
5793|250618|253662|89.07
5796|422263|238928|91.65
5794|730165|480957|85.3
5792|177099|765931|8.95
5795|264554|290355|18.48
5791|699221|32584|44.78
5804|659687|723978|36.09
5790|127679|154993|56.26
5805|86472|204612|9.12
5806|510872|472737|64.68
5802|549605|185448|46.52
5801|57386|159531|20.66
5800|610165|492438|15.68
5799|607711|414242|98.02
5798|783180|743499|67.29
5797|135243|382722|72.16
5814|114409|562489|5.0
5813|555216|645897|45.16
5812|715922|532509|54.19
5810|49668|298483|88.07
5811|104009|277548|75.67
5809|524301|734541|9.73
5808|404400|20437|53.09
5819|123843|715454|32.73
5807|235421|360005|53.8
5820|592273|113700|60.33
5803|364946|694708|46.42
5826|706705|536952|47.44
5825|711899|41603|93.8
5824|417391|630303|11.49
5823|170350|494828|77.56
5822|267097|320120|91.04
5821|350154|128552|7.14
5818|547628|71085|49.96
5817|303957|146469|81.57
5816|328902|489052|19.43
5815|212385|508915|59.99
5834|738390|780311|95.38
5835|621839|767483|3.76
5833|364170|508460|87.44
5831|738628|32101|5.44
5829|591228|190179|71.52
5830|159312|49224|43.34
5828|569349|768400|42.09
5827|735140|515067|76.77
5840|705063|20595|33.63
5839|766659|570732|75.09
5838|717912|520398|97.79
5837|381313|812764|61.26
5836|219767|493565|12.13
5847|358186|512755|17.47
5832|692012|173131|16.19
5850|346315|618286|38.8
5851|143187|76395|58.29
5846|495572|592051|53.83
5845|718128|385155|41.7
5844|679489|320940|93.32
5842|536530|351346|25.14
5841|66760|150039|72.79
5843|527317|744399|20.45
5857|43840|438031|9.52
5858|637161|499111|42.64
5856|73474|404684|4.26
5862|110977|135729|2.99
5855|401596|526396|76.0
5864|817334|454203|78.99
5854|130653|688805|98.54
5866|422307|197074|63.05
5867|656984|577343|67.45
5853|784064|98688|44.17
5848|142857|97969|90.11
5852|616586|183315|59.01
5869|411967|620392|82.84
5849|16125|221898|34.32
5865|521926|468719|68.56
5868|94389|805993|90.26
5863|57014|284390|37.09
5861|277692|635800|10.83
5860|48215|312461|47.49
5859|530909|412674|84.68
5872|779058|337888|96.38
5870|449201|425376|36.05
5871|26338|441042|73.37
5874|569235|142184|41.09
5873|72888|633180|21.87
5875|622036|590888|40.22
5877|213768|406791|41.16
5876|652664|408016|57.05
5878|665877|775595|29.58
5880|399525|381116|79.57
5879|122042|282009|27.77
5881|43196|695955|86.0
5882|82739|466774|27.72
5883|113079|191077|55.84
5884|257547|346028|38.51
5886|303395|421983|77.25
5885|5129|208943|94.83
5887|396521|686383|44.38
5888|792149|107973|67.15
5889|155245|648161|61.59
5891|203517|498423|3.3
5890|678490|807311|16.55
5892|440263|424380|24.82
5893|423099|237748|93.67
5894|60758|734735|6.02
5895|20596|477828|22.25
5896|257554|327769|41.47
5897|459098|797112|94.55
5898|54069|114184|13.76
5899|683415|113768|71.29
5900|503475|656195|71.88
5901|700695|107095|86.36
5902|435307|226191|72.98
5903|114823|312543|25.96
5905|760670|725746|60.27
5904|308938|646608|100.5
5906|372619|651533|95.44
5907|787927|728516|83.66
5908|403803|185695|11.68
5909|420481|703629|50.37
5910|573536|593166|21.09
5911|571919|454854|45.06
5912|125402|502280|7.88
5913|214294|292837|2.95
5914|80966|574753|75.68
5915|195082|33648|55.62
5916|188306|21736|14.09
5917|143268|455395|13.47
5919|253742|425681|97.14
5918|228866|326462|23.35
5920|730406|799211|54.42
5921|355760|494609|38.26
5922|704868|299593|83.7
5923|14554|668134|73.63
5924|741589|427728|6.7
5925|404100|184428|18.65
5926|342337|127307|95.11
5927|176947|650665|65.61
5928|562442|50482|45.41
5929|66426|238120|98.42
5930|128495|748482|2.95
5931|494235|126053|20.22
5932|524267|431125|37.35
5933|73750|782529|83.37
5934|724668|434504|60.31
5935|195190|351196|37.38
5936|388979|676265|84.47
5937|815273|354536|43.17
5938|478930|26587|21.53
5939|476710|302121|84.11
5940|720859|171909|7.74
5941|199462|490525|83.52
5942|2869|493164|2.16
5943|384366|695536|70.16
5944|195110|292127|84.76
5945|252452|768282|8.21
5946|49418|573046|73.06
5947|240291|691291|59.79
5948|411366|190455|61.68
5949|632619|610520|91.18
5950|316216|59205|60.74
5951|725171|523636|52.9
5952|238783|372685|41.72
5953|445839|218501|35.7
5954|732590|166928|48.88
5955|447181|137973|88.47
5956|797962|662353|82.03
5957|727553|30959|9.29
5958|305952|297796|87.34
5959|504959|361026|80.26
5960|543053|434946|91.85
5961|249402|674851|41.0
5966|23750|645671|80.57
5965|11290|343297|41.73
5962|571466|934|26.94
5964|768896|432006|45.01
5963|617496|746048|77.95
5967|479607|109545|4.2
5968|41214|210982|28.66
5971|47840|39769|69.1
5969|317479|544970|35.47
5970|316088|527909|77.62
5974|594230|571012|63.98
5973|590926|238249|64.56
5972|167236|642167|19.34
5976|461254|657757|70.63
5975|209225|506843|86.97
5977|427438|811746|18.21
5978|674608|708356|2.32
5979|279160|103888|40.53
5980|510489|173604|95.56
5981|223183|197139|33.8
5982|31732|42699|71.3
5983|108524|52521|48.04
5986|64893|294349|21.87
5990|692659|535310|89.98
5984|717732|374947|68.56
5991|605762|636974|49.44
5988|311580|26901|33.5
5992|774218|196286|19.74
5985|52589|485682|52.31
5987|166961|124357|82.32
5989|140144|114959|100.65
5993|174592|487343|12.63
5997|179475|772755|77.22
5994|82708|277244|57.2
5996|21823|678158|26.93
5995|530469|50028|96.45
6001|458760|358726|96.51
6000|82665|229724|64.24
5999|241469|207374|70.11
5998|505930|33966|50.39
6004|756618|321068|73.04
6003|27225|347772|82.68
6002|144637|164277|98.36
6006|152136|753655|90.35
6005|77903|622425|49.43
6008|125323|695331|53.52
6007|120444|699801|62.61
6009|621542|588717|67.75
6010|140559|752982|52.7
6011|712164|662515|58.26
6012|504970|459642|22.48
6013|19983|249757|80.76
6014|576720|623201|17.13
6015|343189|57293|89.21
6016|680062|15313|22.12
6017|177481|369021|48.26
6018|76842|422160|52.75
6019|440840|529477|90.57
6020|432481|325655|95.4
6021|788042|557980|96.44
6022|603654|448504|53.5
6023|290580|531222|71.28
6024|690051|614576|18.13
6025|269755|697014|79.9
6026|265751|185718|92.54
6027|400159|541888|12.86
6028|355745|102618|77.09
6029|719836|359067|49.63
6030|292171|660348|59.92
6031|14160|808195|19.35
6032|85641|20680|52.05
6033|551347|295126|14.93
6034|65891|758040|13.27
6035|642450|203743|45.05
6036|46952|161618|76.66
6037|704869|358219|11.17
6038|472939|350340|19.25
6039|592551|203491|85.93
6040|398911|66976|1.42
6041|707775|99595|43.93
6042|17703|10524|26.0
6043|616015|123657|38.46
6044|758846|420137|80.37
6045|54883|200344|87.53
6046|575448|135274|17.15
6047|276694|687154|86.34
6048|58992|631071|58.35
6049|303689|670416|81.86
6050|437311|767884|9.05
6052|483|189492|66.88
6051|412523|644012|93.87
6057|503292|316752|89.64
6054|52020|661417|13.0
6053|624034|723380|3.17
6055|208760|221123|43.66
6056|726969|123195|86.65
6059|660865|36272|55.66
6058|547441|573271|71.95
6060|272428|186157|21.42
6061|535297|168991|69.39
6062|130011|304369|98.84
6063|282169|321567|83.0
6065|647823|180526|77.27
6064|225768|240169|62.11
6066|757932|160558|69.85
6067|818309|198500|18.7
6072|804224|713680|45.5
6071|417750|545939|81.94
6070|593326|608679|16.31
6069|462933|666482|82.52
6068|787893|54852|58.44
6075|167698|465641|92.57
6074|190819|760078|93.71
6073|223647|798338|46.01
6077|594979|654676|84.71
6078|285336|181623|36.7
6079|751737|262658|37.76
6081|381838|81804|7.61
6083|22232|747675|60.26
6080|766829|557801|1.5
6084|688592|541712|57.26
6082|411073|765688|79.66
6076|407395|661642|68.08
6085|398698|183172|11.86
6088|126189|452986|38.69
6090|159425|811714|33.91
6086|240693|738426|36.41
6089|28549|2754|98.49
6087|426186|120258|50.06
6092|451505|629096|49.45
6097|433539|52864|57.1
6098|590026|54546|9.84
6099|760673|704164|27.89
6096|443688|521685|55.8
6095|349478|668903|31.44
6094|365857|693458|74.23
6093|444799|439863|75.79
6091|768750|430832|78.67
6100|83492|133864|50.15
6101|644089|619648|100.62
6102|291805|262381|6.09
6103|106196|365817|59.82
6104|231401|206924|62.84
6106|279884|310051|79.53
6105|355024|318567|28.11
6107|314691|705759|17.89
6108|577590|817267|38.54
6109|536352|404987|3.04
6111|723987|51219|66.0
6110|653969|310340|42.55
6112|178012|108311|11.66
6113|165998|533971|31.84
6114|88179|734144|42.82
6115|371267|193557|12.76
6116|190136|239708|57.97
6117|798634|186925|32.26
6118|19140|534072|67.26
6119|216918|759030|17.53
6121|163569|88900|86.6
6122|644392|489487|49.49
6123|451836|421881|75.78
6120|36071|185909|98.57
6125|415515|804595|80.83
6126|390244|703988|43.92
6124|598167|757237|89.99
6127|758136|133961|4.19
6128|545022|608912|36.32
6129|245454|9143|72.0
6130|723802|208832|19.21
6131|338501|531313|23.23
6133|796881|468478|10.17
6132|174292|629703|18.75
6134|547343|808993|99.6
6135|151450|726117|6.7
6136|324893|326998|52.35
6137|287596|662471|44.92
6138|662924|87509|85.09
6139|55254|760657|68.9
6140|199894|89726|93.05
6141|95450|806351|73.21
6142|501713|165492|89.49
6144|535913|718629|27.94
6143|516171|166408|84.11
6145|640002|658884|31.73
6146|83111|747408|28.77
6149|464991|412028|96.46
6148|365715|128514|74.66
6150|732423|560976|74.81
6147|774101|719275|94.29
6151|5097|228303|45.99
6152|357835|629672|5.77
6153|254225|552882|20.31
6154|757977|497518|18.04
6155|334580|607205|46.55
6157|42971|404760|17.95
6156|718335|685013|21.31
6158|324339|499875|81.92
6159|310819|810419|55.21
6160|73099|189039|8.74
6161|251942|152003|75.32
6162|815556|551474|66.86
6163|749620|438899|22.96
6164|696121|251457|43.22
6165|471293|90702|48.03
6167|638252|562852|93.12
6168|539997|25991|61.75
6169|357900|607434|22.66
6171|50036|186159|63.27
6166|457407|120318|75.28
6172|435687|658441|92.99
6170|627415|577013|51.98
6173|404126|750969|54.94
6174|589955|342897|12.24
6175|28715|384962|47.73
6176|510623|92918|31.93
6177|411490|153444|98.25
6178|588013|435070|39.81
6181|270638|513566|66.73
6180|484524|139132|8.49
6179|789149|676378|64.93
6184|578993|431587|97.01
6183|348629|511525|36.85
6182|426446|206786|99.72
6187|228308|742841|87.1
6186|723444|305687|3.64
6188|454558|737033|27.21
6185|500336|719087|88.7
6190|753863|505796|45.65
6192|643073|751967|80.48
6189|221563|819453|24.83
6193|445200|63107|66.01
6191|485579|808028|11.61
6195|124599|549879|12.55
6194|802014|354733|25.2
6197|275334|520895|50.97
6196|425828|39160|92.21
6198|808485|22673|44.99
6199|79715|472629|3.91
6200|405923|237717|31.56
6201|55644|717726|85.85
6202|703394|636170|54.84
6204|284105|668683|73.43
6203|742505|289043|19.86
6205|757736|373566|17.06
6206|394628|316345|17.39
6208|174937|56116|82.0
6209|763346|488933|44.43
6207|384463|370407|26.66
6210|171714|318502|90.43
6214|229445|246503|42.15
6213|723300|789484|92.14
6211|456726|672752|4.72
6212|513014|108713|8.41
6215|685996|762591|58.83
6216|70960|260508|88.93
6217|392686|47504|55.87
6220|734827|9839|18.63
6221|356313|599133|26.94
6222|537687|620563|29.02
6218|780587|165712|96.04
6224|307839|169613|98.77
6219|279334|468432|86.18
6223|475129|89415|9.01
6225|353301|535796|62.48
6226|573112|351835|52.9
6227|122739|633372|69.85
6228|628601|425256|50.14
6229|581171|243260|56.01
6231|414997|142782|8.06
6230|641219|706806|11.97
6232|16732|90801|95.98
6233|617151|502783|84.34
6235|273847|490802|60.23
6237|166728|278955|71.44
6236|258424|402724|82.87
6234|133855|267314|33.54
6239|364605|569997|71.73
6238|453678|207946|46.67
6240|262492|517179|74.02
6241|741034|682079|19.23
6242|26678|141044|86.27
6243|301578|207711|80.8
6244|84755|642285|91.92
6245|149199|143507|100.21
6246|434606|88154|73.66
6247|435621|283677|18.97
6248|517060|673619|4.8
6249|739118|13705|15.65
6250|673330|723635|99.89
6252|461106|176114|61.37
6251|592534|64692|92.49
6253|485448|131271|40.3
6255|293828|192315|63.99
6257|686583|102687|29.96
6256|506282|678973|67.93
6254|132724|587990|69.12
6258|786639|604756|54.67
6259|186826|294317|19.87
6261|334805|364812|9.51
6260|251936|64109|46.55
6262|688618|409142|43.17
6263|450211|351286|34.3
6264|267985|198261|60.54
6265|121005|476271|66.69
6266|711097|208576|25.13
6267|517120|310387|92.73
6268|20559|634006|71.35
6269|276091|569473|31.04
6270|517428|736135|3.04
6271|577776|272154|17.39
6273|174851|502389|8.53
6272|84310|359374|7.57
6275|358385|355396|23.89
6274|242680|45461|82.53
6276|478883|15636|28.56
6277|718620|716000|19.73
6278|714185|46839|12.67
6279|609095|37998|72.23
6280|162478|165991|10.99
6281|270426|725479|66.98
6282|309495|523414|13.13
6284|205869|369366|8.46
6285|612133|556736|86.33
6283|202991|310744|76.59
6286|486855|602393|22.82
6287|268993|668041|43.14
6288|681927|375603|36.37
6289|203602|395769|58.6
6290|409871|817511|86.51
6291|516083|130282|25.15
6293|682337|811580|26.98
6292|722472|364440|47.85
6296|653692|113022|44.36
6294|491144|420909|87.8
6295|462161|334077|35.7
6297|562022|737216|36.48
6298|138631|388244|17.27
6300|259411|819012|32.57
6301|647020|178120|68.39
6299|83805|540162|49.25
6303|683721|137601|9.83
6302|476315|17106|61.77
6304|68704|138215|35.26
6305|369862|501185|22.52
6306|758210|252584|46.4
6307|203929|73588|30.96
6308|760735|206085|30.51
6309|454284|161216|90.44
6313|370319|666144|43.94
6315|408|45339|34.63
6314|789658|818623|25.49
6316|254108|156487|49.66
6312|472633|269243|13.36
6310|429451|648336|15.5
6311|569960|216276|7.48
6317|735521|605753|90.16
6318|685036|156798|97.27
6322|54083|400703|32.28
6321|345735|171071|67.75
6319|182834|781822|40.55
6320|583604|133833|66.06
6323|45959|468488|65.23
6324|635608|273486|99.37
